      0/99     8.72G   0.06597   0.08767  0.005736    0.1594       381       480    0.4221    0.9851    0.8499    0.5186    0.0337   0.08952 0.0009027
      1/99     15.1G   0.03865   0.06599  0.001113    0.1058       367       480    0.8083    0.9884    0.9882    0.7414   0.02441    0.0824 0.0008375
      2/99     15.1G   0.03186   0.06247 0.0008837   0.09521       337       480     0.846    0.9849    0.9884    0.7428   0.02298   0.08147 0.0007528
      3/99     15.1G   0.02778   0.06068 0.0007195   0.08918       392       480     0.792    0.9735    0.9786    0.7469   0.02438   0.08415 0.0006728
      4/99     15.1G   0.02514   0.05982 0.0005882   0.08555       407       480    0.7118    0.9751    0.9759    0.7263   0.02355   0.08617 0.0005277
      5/99     15.1G   0.02389   0.05943 0.0004831   0.08381       344       480    0.6369    0.9817    0.9804    0.7538   0.02114   0.08488 0.0004064
      6/99     15.1G   0.02275   0.05966 0.0003791    0.0828       352       480    0.7921    0.9831    0.9866    0.7679   0.02028   0.08122 0.0003303
      7/99     15.1G   0.02156   0.05754 0.0003106   0.07941       437       480    0.8355    0.9871    0.9896    0.7822   0.01966   0.07746  0.000273
      8/99     15.1G   0.02084   0.05591 0.0002725   0.07702       411       480     0.835    0.9942    0.9913    0.7806   0.02017   0.07608 0.0002394
      9/99     15.1G   0.02026    0.0545 0.0002472     0.075       355       480    0.8582    0.9918    0.9936    0.8029   0.01817   0.07346 0.0002057
     10/99     15.1G      0.02   0.05473 0.0002293   0.07495       407       480    0.8782    0.9866    0.9918    0.7983   0.01874   0.07662 0.0002051
     11/99     15.1G   0.01953   0.05415  0.000205   0.07388       388       480    0.8067    0.9902    0.9923    0.7935   0.01903   0.07603 0.0001833
     12/99     15.1G   0.01904   0.05289   0.00019   0.07211       414       480    0.8758    0.9924    0.9934    0.8008   0.01794   0.07366 0.0001768
     13/99     15.1G   0.01882   0.05228 0.0001805   0.07127       369       480    0.8609    0.9898     0.992    0.7997   0.01878   0.07317 0.0001639
     14/99     15.1G   0.01876   0.05268 0.0001741   0.07161       340       480    0.8507    0.9947    0.9941    0.8052   0.01861   0.07319 0.0001574
     15/99     15.1G   0.01842   0.05157 0.0001657   0.07016       370       480     0.881    0.9914     0.994    0.8141    0.0176   0.07199 0.0001463
     16/99     15.1G   0.01832   0.05154 0.0001558   0.07002       385       480    0.8903    0.9949     0.995    0.8229   0.01754   0.07051 0.0001425
     17/99     15.1G   0.01827   0.05133 0.0001536   0.06975       351       480    0.8923    0.9927    0.9945    0.8211   0.01736   0.07183 0.0001464
     18/99     15.1G   0.01793   0.05042 0.0001459    0.0685       383       480    0.8762    0.9944    0.9938    0.8164   0.01757   0.07163 0.0001336
     19/99     15.1G   0.01795   0.05067 0.0001403   0.06876       388       480    0.8841    0.9918     0.994     0.809   0.01785   0.07191  0.000128
     20/99     15.1G   0.01772   0.05057 0.0001353   0.06843       363       480    0.9058    0.9971    0.9951    0.8212    0.0169   0.07034 0.0001268
     21/99     15.1G   0.01746   0.05019 0.0001296   0.06778       323       480    0.8919    0.9915    0.9941     0.825   0.01736   0.07106 0.0001252
     22/99     15.1G   0.01745   0.05027 0.0001263   0.06784       379       480    0.8952    0.9935    0.9949    0.8263   0.01689      0.07 0.0001117
     23/99     15.1G   0.01736    0.0498 0.0001246   0.06728       335       480    0.8901     0.994     0.995    0.8213   0.01693    0.0699 0.0001126
     24/99     15.1G   0.01727   0.04971 0.0001209    0.0671       372       480    0.8922    0.9949    0.9946    0.8234   0.01702   0.06964  0.000105
     25/99     15.1G   0.01701   0.04916 0.0001185   0.06629       374       480    0.9085    0.9951    0.9955    0.8315   0.01679   0.06946 0.0001093
     26/99     15.1G   0.01706    0.0494 0.0001153   0.06658       355       480    0.9014    0.9953     0.995    0.8276   0.01658   0.06916  0.000105
     27/99     15.1G   0.01689   0.04923 0.0001112   0.06623       376       480    0.9095    0.9964    0.9959    0.8362   0.01656   0.06793 0.0001018
     28/99     15.1G   0.01686   0.04884 0.0001098   0.06581       350       480    0.8882    0.9947     0.995    0.8282   0.01652   0.06864 9.808e-05
     29/99     15.1G   0.01671   0.04851 0.0001092   0.06533       388       480    0.9139     0.996    0.9956    0.8417   0.01666   0.06824 9.693e-05
     30/99     15.1G   0.01675   0.04853 0.0001044   0.06539       366       480    0.8956    0.9933    0.9949    0.8355   0.01651   0.06808 9.533e-05
     31/99     15.1G   0.01663   0.04858 0.0001029   0.06531       394       480    0.9187    0.9964    0.9961    0.8452   0.01653    0.0677 9.549e-05
     32/99     15.1G   0.01651   0.04806 0.0001009   0.06467       389       480    0.9135    0.9958    0.9961    0.8449    0.0164   0.06733 9.155e-05
     33/99     15.1G   0.01659   0.04803 9.824e-05   0.06472       367       480    0.9229    0.9951    0.9961    0.8441   0.01673   0.06803  9.67e-05
     34/99     15.1G   0.01633   0.04783 9.747e-05   0.06426       374       480    0.9033    0.9958    0.9958     0.843    0.0165   0.06776 9.399e-05
     35/99     15.1G   0.01625    0.0477 9.561e-05   0.06404       426       480    0.9273    0.9951    0.9962    0.8485   0.01628    0.0671 8.693e-05
     36/99     15.1G   0.01627   0.04774 9.396e-05    0.0641       364       480    0.9151    0.9969     0.996    0.8488   0.01631   0.06734 8.313e-05
     37/99     15.1G    0.0162    0.0475 9.122e-05   0.06379       382       480     0.938    0.9969    0.9967    0.8557   0.01604   0.06647 8.177e-05
     38/99     15.1G   0.01622   0.04754 8.833e-05   0.06385       337       480    0.9296    0.9942     0.996    0.8469   0.01624   0.06774 8.045e-05
     39/99     15.1G   0.01603   0.04734 8.743e-05   0.06345       400       480    0.9251    0.9958    0.9966    0.8543   0.01598   0.06694 7.777e-05
     40/99     15.1G   0.01597   0.04695 8.512e-05   0.06301       387       480    0.9297    0.9955    0.9967    0.8503   0.01621   0.06795 7.847e-05
     41/99     15.1G   0.01592   0.04652 8.448e-05   0.06253       389       480    0.9195    0.9962    0.9964    0.8552   0.01622   0.06714 7.719e-05
     42/99     15.1G   0.01589   0.04686 8.375e-05   0.06283       341       480    0.9195    0.9947     0.996     0.853   0.01636   0.06745   7.9e-05
     43/99     15.1G   0.01566   0.04635 8.116e-05   0.06209       355       480    0.9262    0.9962    0.9965    0.8547     0.016   0.06687 7.318e-05
     44/99     15.1G   0.01568   0.04623 7.839e-05   0.06199       386       480    0.9141    0.9949    0.9964    0.8532   0.01615   0.06674 7.536e-05
     45/99     15.1G   0.01566   0.04628  7.85e-05   0.06202       342       480    0.9216    0.9958    0.9964    0.8551   0.01614   0.06655 7.115e-05
     46/99     15.1G   0.01562   0.04629 7.772e-05   0.06199       377       480    0.9196     0.996    0.9965     0.857   0.01601   0.06694 7.005e-05
     47/99     15.1G   0.01549   0.04609 7.585e-05   0.06165       363       480    0.9245    0.9964    0.9967    0.8572   0.01606   0.06661 7.096e-05
     48/99     15.1G   0.01531   0.04561 7.366e-05   0.06099       360       480     0.927    0.9962    0.9966    0.8596   0.01608    0.0668 6.681e-05
     49/99     15.1G   0.01535   0.04572 7.198e-05   0.06114       356       480      0.93    0.9967    0.9967    0.8611    0.0158   0.06595 6.542e-05
     50/99     15.1G   0.01516   0.04546 7.164e-05    0.0607       395       480     0.929    0.9969    0.9966    0.8619     0.016   0.06628 6.449e-05
     51/99     15.1G   0.01517   0.04517 7.032e-05   0.06041       375       480    0.9334    0.9971    0.9968    0.8626    0.0159   0.06622 6.463e-05
     52/99     15.1G   0.01519   0.04527 6.883e-05   0.06053       309       480    0.9322    0.9969    0.9968     0.864   0.01583   0.06632 6.307e-05
     53/99     15.1G    0.0151   0.04528 6.752e-05   0.06045       343       480    0.9325    0.9958    0.9967    0.8632   0.01587   0.06672 6.211e-05
     54/99     15.1G   0.01491    0.0448 6.521e-05   0.05977       353       480     0.932    0.9964    0.9967    0.8644   0.01578   0.06651 5.973e-05
     55/99     15.1G   0.01489    0.0451 6.511e-05   0.06006       348       480    0.9321     0.996    0.9968    0.8644   0.01589   0.06629 6.092e-05
     56/99     15.1G   0.01487   0.04465 6.292e-05   0.05958       356       480    0.9284    0.9951    0.9968    0.8661   0.01588   0.06573 6.036e-05
     57/99     15.1G   0.01483   0.04489 6.223e-05   0.05977       339       480    0.9307    0.9953    0.9969    0.8656   0.01583   0.06582 5.939e-05
     58/99     15.1G   0.01476   0.04431 6.044e-05   0.05914       414       480    0.9294    0.9967     0.997     0.869   0.01573   0.06537 6.096e-05
     59/99     15.1G   0.01455     0.044 5.935e-05   0.05861       362       480    0.9333    0.9964    0.9971    0.8694   0.01556   0.06572 6.013e-05
     60/99     15.1G   0.01469   0.04419 5.904e-05   0.05894       351       480    0.9266    0.9969    0.9969    0.8658   0.01562   0.06616 5.468e-05
     61/99     15.1G   0.01451   0.04397 5.754e-05   0.05855       347       480    0.9322    0.9967    0.9969    0.8683   0.01566   0.06627 5.423e-05
     62/99     15.1G   0.01442    0.0438 5.501e-05   0.05827       347       480    0.9338    0.9953    0.9969    0.8687   0.01571   0.06627 5.499e-05
     63/99     15.1G   0.01439   0.04364 5.434e-05   0.05809       396       480    0.9364    0.9955    0.9969    0.8676   0.01556   0.06627 5.267e-05
     64/99     15.1G   0.01425   0.04345 5.306e-05   0.05775       378       480     0.933     0.996     0.997    0.8683   0.01566   0.06596 4.996e-05
     65/99     15.1G   0.01417   0.04323 5.304e-05   0.05746       347       480     0.933    0.9962    0.9969    0.8678   0.01577   0.06616 4.946e-05
     66/99     15.1G   0.01413   0.04308 5.083e-05   0.05726       389       480    0.9328    0.9964    0.9971    0.8676   0.01592   0.06615 4.862e-05
     67/99     15.1G   0.01412   0.04284 4.971e-05   0.05701       371       480    0.9339    0.9962    0.9971     0.868   0.01588   0.06643  4.78e-05
     68/99     15.1G   0.01408   0.04255 4.858e-05   0.05668       373       480     0.936    0.9967    0.9972    0.8692   0.01579   0.06627 4.685e-05
     69/99     15.1G   0.01408   0.04254 4.844e-05   0.05666       378       480    0.9391    0.9962    0.9971      0.87   0.01574    0.0662 4.613e-05
     70/99     15.1G   0.01395   0.04218 4.723e-05   0.05617       361       480    0.9375    0.9955    0.9971    0.8714   0.01562    0.0662 4.566e-05
     71/99     15.1G   0.01386   0.04244  4.67e-05   0.05634       399       480    0.9383    0.9933    0.9969    0.8698   0.01566    0.0667 4.528e-05
     72/99     15.1G   0.01375   0.04194 4.459e-05   0.05573       405       480    0.9387    0.9931    0.9969    0.8704   0.01563   0.06712 4.467e-05
     73/99     15.1G   0.01373   0.04206 4.473e-05   0.05583       356       480    0.9411    0.9933     0.997    0.8712   0.01558   0.06726 4.445e-05
     74/99     15.1G    0.0137   0.04168 4.304e-05   0.05542       335       480    0.9407    0.9933     0.997    0.8708   0.01556   0.06727  4.41e-05
     75/99     15.1G   0.01363   0.04161 4.298e-05   0.05528       339       480    0.9407    0.9935     0.997    0.8709    0.0155   0.06719 4.369e-05
     76/99     15.1G   0.01359   0.04161  4.22e-05   0.05525       397       480     0.939    0.9924     0.997    0.8704   0.01551   0.06729 4.356e-05
     77/99     15.1G   0.01346   0.04161 4.067e-05   0.05512       325       480    0.9387     0.992    0.9969    0.8698   0.01562   0.06739 4.324e-05
     78/99     15.1G   0.01351   0.04131 4.008e-05   0.05486       355       480    0.9391    0.9924    0.9969    0.8692   0.01569   0.06746 4.272e-05
     79/99     15.1G   0.01348    0.0416 3.955e-05   0.05512       376       480    0.9388    0.9931    0.9969    0.8705   0.01577    0.0674 4.224e-05
     80/99     15.1G   0.01347   0.04082 3.844e-05   0.05432       370       480    0.9383    0.9931    0.9969    0.8711   0.01579   0.06733 4.175e-05
     81/99     15.1G   0.01334   0.04098 3.791e-05   0.05435       400       480    0.9398    0.9931    0.9969    0.8714    0.0158   0.06724  4.12e-05
     82/99     15.1G   0.01324   0.04075 3.671e-05   0.05402       363       480    0.9389    0.9944    0.9969    0.8713   0.01583   0.06712 4.047e-05
     83/99     15.1G   0.01319   0.04079 3.664e-05   0.05401       376       480    0.9388    0.9951     0.997    0.8712   0.01584   0.06704 3.982e-05
     84/99     15.1G   0.01321   0.04043 3.632e-05   0.05368       369       480    0.9392    0.9955    0.9971    0.8716   0.01582   0.06703 3.935e-05
     85/99     15.1G   0.01309   0.04039 3.465e-05   0.05351       361       480    0.9389    0.9955    0.9972    0.8718   0.01582   0.06701 3.866e-05
     86/99     15.1G   0.01301   0.04006 3.371e-05    0.0531       344       480    0.9381    0.9951    0.9972    0.8718    0.0158   0.06696 3.794e-05
     87/99     15.1G   0.01304    0.0402 3.334e-05   0.05327       324       480    0.9367    0.9958    0.9972    0.8725    0.0158   0.06692 3.742e-05
     88/99     15.1G   0.01298   0.04013 3.267e-05   0.05314       350       480    0.9369     0.996    0.9972    0.8728    0.0158   0.06691 3.693e-05
     89/99     15.1G   0.01294   0.03999 3.229e-05   0.05296       350       480    0.9365    0.9962    0.9973    0.8726    0.0158   0.06696 3.649e-05
     90/99     15.1G   0.01288   0.03994 3.177e-05   0.05285       379       480    0.9365     0.996    0.9973    0.8726   0.01582   0.06698  3.62e-05
     91/99     15.1G   0.01278   0.03953 3.176e-05   0.05233       355       480    0.9371    0.9959    0.9973    0.8728   0.01583     0.067   3.6e-05
     92/99     15.1G   0.01277   0.03954 3.109e-05   0.05235       355       480    0.9368     0.996    0.9973     0.873   0.01584   0.06701 3.575e-05
     93/99     15.1G   0.01282   0.03953 3.035e-05   0.05238       385       480    0.9375     0.996    0.9973    0.8732   0.01586   0.06701 3.549e-05
     94/99     15.1G   0.01266   0.03934 2.981e-05   0.05202       368       480    0.9377    0.9962    0.9973    0.8728   0.01587   0.06702 3.524e-05
     95/99     15.1G   0.01274   0.03921 2.987e-05   0.05199       394       480    0.9371    0.9964    0.9973    0.8732   0.01588   0.06707 3.509e-05
     96/99     15.1G   0.01276   0.03919 2.987e-05   0.05199       377       480    0.9375    0.9962    0.9973    0.8731    0.0159   0.06713 3.502e-05
     97/99     15.1G   0.01249   0.03906 2.913e-05   0.05158       367       480    0.9372    0.9962    0.9973    0.8734   0.01591   0.06716 3.494e-05
     98/99     15.1G   0.01269   0.03915 2.928e-05   0.05188       341       480    0.9383    0.9959    0.9974    0.8732   0.01592   0.06721 3.474e-05
     99/99     15.1G   0.01248   0.03918 2.895e-05   0.05169       380       480    0.9391    0.9958    0.9974    0.8734   0.01593   0.06722  3.47e-05
